99017571
100800023
100910325
100964803
100434275
97345415
97358065
93777468
98680408
99141059
99748939
100109424
100692485
100726814
100757870
101107811
99024162
95556308
94108293
96092974
98544818
99083691
99353425
99395896
99872801
99977877
100053017
100357160
100408930
100640148
100747033
100756507
100786845
100816125
101045846
87960161
101068576
96844271
92525615
100059172
100210663
100786599
101119134
98886063
101022770
91817728
96994561
98108301
98931978
98965701
99292436
100029267
100042141
100556384
99110247
100570122
100590016
99756725
98753790
100681739
100638393
100687769
100691451
100679380
100750781
100860462
101124722
87688515
100256786
100275224
100279243
100438283
100478477
100672484
100684782
100717379
100833866
100936783
101079628
101081966
101082435
101090729
101133209
96669876
98758269
97843372
91762651
95902498
100950897
100973704
101074843
98417043
98907304
98972483
99242006
99477347
99629898
100096480
100124766
100910540
101043114
101051548
101127284
98265172
99159255
99598393
100703909
100753894
100873690
100882758
